
    ProcesTime(j,m) := data table 
       M-01  M-02  M-03  M-04  M-05  M-06  M-07  M-08  M-09  M-10  M-11  M-12  M-13  M-14
    !  ----  ----  ----  ----  ----  ----  ----  ----  ----  ----  ----  ----  ----  ----
Job-1     4    12    14    12     4     8    15    19    13     9    12     7     3     7
Job-2    10    19     3     7    16    14    11    18    19    16     7    19     6    18
Job-3    17    16     7     5    11     6    14    13    19    14    18     7    16    10
Job-4    12    17     7    17     9     4    10     7    15     3     8     1    17    11
Job-5     5    15     4    14     7    15    20    11    14    20     5     6    13    19
Job-6     3    20     5    19     8    19    16    10    15     1     8    14     7    19
Job-7    19     4    16    14    15    16     4    18     5    19    20    18     2     5
Job-8     8    10    16     3     4     3    19     3     6    11    19     9    10    19
    ;


