
    ProcesTime(j,m) := data table 
        M-01  M-02  M-03  M-04  M-05  M-06  M-07  M-08  M-09  M-10  M-11  M-12
     !  ----  ----  ----  ----  ----  ----  ----  ----  ----  ----  ----  ----
Job-01    17    15    11     4     9     7     9     3    16    18     1    14
Job-02     2    11     2    10    20    12    18     9    18     4    13     5
Job-03    15    18     5    10     4    11    20    16    10    11     4     4
Job-04    15    11    17    19    10    18    14     2     1    11    11    11
Job-05     3    14     6     2    12     8    10     9     9     4     7     2
Job-06     5    19     9    15     6    10     9     7    17     4    12     3
Job-07     8    10    12     9    20    12    16     4    19    10     3    19
Job-08    20    12     2    13     2     9     2    14    15     2     1     5
Job-09     6     9     2    17     9     2     5     9    18    12    19    14
Job-10     3     5     9     3     4     1    19    12     2    14    16    19
    ;


