
    ProcesTime(j,m) := data table 
        M-01  M-02  M-03  M-04  M-05  M-06  M-07  M-08  M-09  M-10  M-11
     !  ----  ----  ----  ----  ----  ----  ----  ----  ----  ----  ----
Job-01     3     3    15    20     1    10    19    17    17    13    14
Job-02    19     1     8     2    17     6    20    16    15     6     9
Job-03     8     9    12     7     3    19     8     9    14    19     9
Job-04    13     2     8     6    16     4    17    16    12    18     7
Job-05     6     9    18    16    13     8    18     3    19     9    11
Job-06     5    12     4     7     2    16     3    10    10     9     8
Job-07    13     2    17    11    11     3    13    15     6    18     3
Job-08     5     4     7     9     5     2    17    16     4    13     4
Job-09     5    17     8     5    18     2     8    20     7    11     5
Job-10    14     5     6     3    19    13    19     5     5    19    11
    ;


