
    ProcesTime(j,m) := data table 
       M-01  M-02  M-03  M-04  M-05  M-06  M-07  M-08  M-09  M-10  M-11
    !  ----  ----  ----  ----  ----  ----  ----  ----  ----  ----  ----
Job-1    14     3     1    12     6     8    17    19     5     7     1
Job-2    11    18    13    10    13    10    10    16     4    15     2
Job-3    13    11    19    14    10     5    10    10     9    19     2
Job-4     2    11     8    14     9     4     2     7     9    15     7
Job-5     5     1    19     5    16    18     6    20    14    17    11
Job-6     9     1    17     5     3     4    10     9    17    13    13
Job-7    15     4     4    10    19     9     3     3     2    19     2
Job-8     2    17     4     5    14     6     2    11    19    10     8
Job-9    10    15     3     6     9    12     9     8     6    13    14
    ;


