
    ProcesTime(j,m) := data table 
        M-01  M-02  M-03  M-04  M-05  M-06  M-07  M-08  M-09  M-10  M-11  M-12  M-13
     !  ----  ----  ----  ----  ----  ----  ----  ----  ----  ----  ----  ----  ----
Job-01     9     6    10    11    18     2     6    11     8    18    18    16    12
Job-02    13    12     6    16    10     6    19     7    14     5    11    15    10
Job-03    14    15    12     5    19    18     5     9    10     2    16     2    14
Job-04     4    10    17    13     5     5    17    18     7     1    16    15     5
Job-05     8    13     5     8    13     5     3     6     5    17    10    15     8
Job-06    11    18    16    10    11    14     5     5    16    15    16    15     4
Job-07     2    12     4    19    17     8    18     8    20     4    17    10    16
Job-08    11    11    16    16    16    19     9     7    14     7    19    19    14
Job-09     5    13     7    14    15    16     3    10    11     5     9    17    20
Job-10    19    18     6    15     1    17    11    20     4     5    14    16    19
    ;


