
    ProcesTime(j,m) := data table 
        M-01  M-02  M-03  M-04  M-05  M-06  M-07  M-08  M-09  M-10  M-11
     !  ----  ----  ----  ----  ----  ----  ----  ----  ----  ----  ----
Job-01     5    16     7    11    17    11    16    17     7     1    11
Job-02    11    15     5    10     6    11     8     6    14     2     6
Job-03    14     2     3     9     4    17     3    19     4    13    10
Job-04    10    14     7     6     2    12    15    18    11     3    13
Job-05    13    11     9     7    14    18    14    11    17     4    17
Job-06    19     6    17    19    16    12    14    19    17     7    14
Job-07    20    18     6    14    17     6     3    17     5    17    16
Job-08    15    14    12    15    14    17    16    15    12    11    18
Job-09     8     6    18    13    13    13    19     2     3     6    16
Job-10    11    11     9    20    13    13    12     2    16     8     8
Job-11     2    16     6    13     4    15    10     5    10     4     7
    ;


