
    ProcesTime(j,m) := data table 
        M-01  M-02  M-03  M-04  M-05  M-06  M-07  M-08  M-09  M-10  M-11  M-12
     !  ----  ----  ----  ----  ----  ----  ----  ----  ----  ----  ----  ----
Job-01     9    13     7    16    11    18     6     4    11     3    10    15
Job-02     6     9    20     3     7     7    12    17    11     7    16     6
Job-03     3     4    14    17     3    11    19    12    16     3    12    13
Job-04    15    20    13    17    11    19    18    15    14     3     3    10
Job-05     8    14    15     5    16    12    14    16    14     4    20     5
Job-06     2     7    10     6     5     9     7     7    16    13    12    17
Job-07    15     5     9    14     7    12    14     8    18     5     3     4
Job-08    18    14    10     8    11     5    10     6    17    18    18     6
Job-09    10    13    12    18     4     5     1    19    16     3     5     9
Job-10     6     9     3     5     5    17    13    20     4    10    10    11
Job-11    10     6    16     2    12     3     8     3    19     7    20     3
    ;


