
    ProcesTime(j,m) := data table 
       M-01  M-02  M-03  M-04  M-05  M-06  M-07  M-08  M-09  M-10  M-11  M-12
    !  ----  ----  ----  ----  ----  ----  ----  ----  ----  ----  ----  ----
Job-1    10     2     9    17    15     5    12    13     2     8     8    19
Job-2     2    13    18     5    14    19    14     5    15    16    15     6
Job-3     8     2    13    18     7     5     2    16     7    10    16     3
Job-4    20    16     2    14     9    11     5     8     2     8    18    11
Job-5    14    16     3    10    20    12    18    18    12     4    11     3
Job-6     6    11    17     1     3    12     6    12    13    14    18    10
Job-7    13    10     6    16    16    13    11     5     5    10    19     7
Job-8    17     9    14    19    14    17    13    13    19    11    16    16
    ;


