
    ProcesTime(j,m) := data table 
        M-01  M-02  M-03  M-04  M-05  M-06  M-07  M-08  M-09  M-10
     !  ----  ----  ----  ----  ----  ----  ----  ----  ----  ----
Job-01    14    16    16    14    19     5     5    14    14     5
Job-02    10     8     1    16     3     7     6    18    15     5
Job-03    11    15     2    10     9     8    19    20     8    15
Job-04     3    18     5    12    15    18    14    16     7    18
Job-05    15    13    11    11     5     6    18     8    13     3
Job-06     6     4     4    10    16     7     5    15    14    13
Job-07    11    15    17     5    16    13     2     9    11     5
Job-08    14     2    10    13    10     9    16     6    10    12
Job-09    19     7     3    10     7     5    16    18    18    10
Job-10    17     3     4     2    11    17    12     7    16    14
    ;


