
    ProcesTime(j,m) := data table 
       M-01  M-02  M-03  M-04  M-05  M-06  M-07  M-08  M-09  M-10  M-11  M-12  M-13  M-14
    !  ----  ----  ----  ----  ----  ----  ----  ----  ----  ----  ----  ----  ----  ----
Job-1    14     4    19     4    15     2    11    15     4    14    12    18    13     8
Job-2     6     7     7    17    17    19     2    11    12     4    11     5     3     3
Job-3     6     8    13    16    11    10    14     8     9     9    18     9     4    18
Job-4     6    12     5    20     7     9    19     1    15     6    18     8     9    12
Job-5     4     4    16    15    19    14     9     4    19     7    13    20    14     6
Job-6     4     3    13     4     8    11     2    14    11    10    14     6    20     8
Job-7    16    12    18     5     3    18     5    10     8     3     4    14    18    11
Job-8    10     3     2     9    12     2    19    11    16    19    14    11     3     1
Job-9    10    10    12     5    18     1    18     7    12    14    17    14     5     6
    ;


