
    ProcesTime(j,m) := data table 
       M-01  M-02  M-03  M-04  M-05  M-06  M-07  M-08  M-09  M-10
    !  ----  ----  ----  ----  ----  ----  ----  ----  ----  ----
Job-1     2     3     4     5     3    11     5     2     4     8
Job-2     2     5     3    11    17     5    12     6    20     4
Job-3    18    12     6     1     5     5    17     3    13     2
Job-4     9    15    15     5    12    18     2     8     4    17
Job-5    15     9     3    12     4    12     1    13    15    15
Job-6    20    12     5    13    12    18    11    18     5    12
Job-7     6    17    19    11     5     4    15    12     8    14
Job-8     5     9    11     2    10     4    18     5    15     6
Job-9     9    12    12    10    18     5     4    12    20    10
    ;


