
    ProcesTime(j,m) := data table 
       M-01  M-02  M-03  M-04  M-05  M-06  M-07  M-08  M-09  M-10  M-11
    !  ----  ----  ----  ----  ----  ----  ----  ----  ----  ----  ----
Job-1     1     3    10    17    12    11     9    10     6     7    20
Job-2     1     7     6    18    13    10     9    18    10     7     9
Job-3    20    17     2    10    16    16     5     5     8    14    14
Job-4    10     2    16    12    17    12    15     1    13    17     5
Job-5     2    16    16    14     2     9    18    10     6    11     1
Job-6    18     2     2    13     4    14     6    15    18    12    12
Job-7     8     2     3    15     5    17     5    18    15     8    16
Job-8    18    17     8    11     4    16     2     7     8    18     5
    ;


