
    ProcesTime(j,m) := data table 
        M-01  M-02  M-03  M-04  M-05  M-06  M-07  M-08  M-09  M-10  M-11  M-12  M-13  M-14
     !  ----  ----  ----  ----  ----  ----  ----  ----  ----  ----  ----  ----  ----  ----
Job-01    10    15    17     4     1    17     2    15     3     2     6     9    15     4
Job-02     8    12     9    17    15    17    20    15    19     2    13     3    11     6
Job-03     2     9    18     3    19     2    10     5    12    17     9    12    11     6
Job-04     9     6    19     5     3    20    12    19     8    11    15     9    16     6
Job-05     9    11    13     8     2     4     8    17    14     6    16    17     8     3
Job-06     2     1    18     4    11     6     5    12    16     3    17     2     8     4
Job-07    12    17     6    16     9     7     5    13    18     1    10    14     9     8
Job-08     3     9     7    13    19    17    11    20    14     1    16     2    15     5
Job-09     6    19    15     1     2    14    12     2     5     7    15    16    11     5
Job-10     2    17    19     1     6     6     9     3    14     4     3     6    13    13
Job-11     6    12    15    15     5    11    17     4    20    10     5    17    15     7
    ;


