
    ProcesTime(j,m) := data table 
        M-01  M-02  M-03  M-04  M-05  M-06  M-07  M-08  M-09  M-10
     !  ----  ----  ----  ----  ----  ----  ----  ----  ----  ----
Job-01    12    13     8     4    11    11    18     5    10    13
Job-02    15     7     9     5     8    16    20    17    15     2
Job-03    12    12     1     2     9     3     2    13     6    11
Job-04     8     5     9     2     5    19    13     6     3     1
Job-05    14     9    12     8     1    13    19    18     5    12
Job-06    13    15     1    11     5     1    16     1     2    16
Job-07     9    18    16    13    17    14    19     9     4     9
Job-08    16     2     9    16     7    20     2     5     7    16
Job-09    17    15     9    15    15    18    10     3    13     4
Job-10    13     5    19     6    13     2     3    12    19     3
Job-11    18    20     9     2     5    12    17     9    12    13
    ;


