
    ProcesTime(j,m) := data table 
       M-01  M-02  M-03  M-04  M-05  M-06  M-07  M-08  M-09  M-10  M-11  M-12  M-13  M-14
    !  ----  ----  ----  ----  ----  ----  ----  ----  ----  ----  ----  ----  ----  ----
Job-1    20    16    16     7    11     2     3    18    20    12     1     4     3    16
Job-2    16    18    14    17    11    14    18     8    13     3     8    10    18     3
Job-3     9    19     6    13    19    18    14    15     5     9     3     5     3     2
Job-4    13    19     4    10    18    15    18    19     4     6     4    19     7    19
Job-5     9     4     3     6    15    20    15     4    14     6     2     5    10     5
Job-6    12    18     4     8     3     1     2    14     1    10     3     3     5    16
Job-7     7     6     8     9     9    17    18     7     6    17     5    18    10    12
    ;


