
    ProcesTime(j,m) := data table 
       M-01  M-02  M-03  M-04  M-05  M-06  M-07  M-08  M-09  M-10  M-11  M-12  M-13
    !  ----  ----  ----  ----  ----  ----  ----  ----  ----  ----  ----  ----  ----
Job-1     2    17     9    15    13    10     4     2    14     6    19     5    11
Job-2    13     3    17    13     1    11    15     3    12     8     3    17     9
Job-3     7     5    14    20    11    11     2    17     4     4    16     6    18
Job-4    10    16    17     5     3     4     4    17    20    18     4    10     7
Job-5    11     9     4     1    18    11     8    15    10    20    11    10    10
Job-6    13     8     1    12     7    12     4    19     3     7     2     6    17
Job-7    19    11    11     6     8    18     9     3     4    13    10     2     4
Job-8     4     4    19     3    11    19    13     6    14    14    20     7    20
Job-9    11     6     1    14    13    16    19     2    19    17     2    10    12
    ;


