
    ProcesTime(j,m) := data table 
       M-01  M-02  M-03  M-04  M-05  M-06  M-07  M-08  M-09  M-10  M-11  M-12  M-13
    !  ----  ----  ----  ----  ----  ----  ----  ----  ----  ----  ----  ----  ----
Job-1    18     8     7     1     3     4     6     5     6    17    13     9    13
Job-2    11    19     8     2     6     2    19    19    16     2    20    14     4
Job-3     8     4     9    14    13    11     6     5     5    14     4     9     3
Job-4    10    16     1     2    12    12    12     2    12    19    11     2    14
Job-5    14     5     1    18     7    18     7     5     9    14    17    16    20
Job-6    13     7     3    13    17     5     5     7    16    15     4    14     5
Job-7     9    10     3    12     5     7     7    19    10     8     2     3    11
Job-8    18    16    12     2     5     5     2     4    19    13    12     5    12
    ;


