
    ProcesTime(j,m) := data table 
       M-01  M-02  M-03  M-04  M-05  M-06  M-07  M-08  M-09  M-10  M-11  M-12
    !  ----  ----  ----  ----  ----  ----  ----  ----  ----  ----  ----  ----
Job-1     6    13    19     5     4    19    11    11     3     4    16    16
Job-2    12     1     3    10     8    14     5     5     7     6     7    17
Job-3     6     7     2     9    16    15    15     5     5     7     2    12
Job-4    17     7     7    13    19    16    18    12     5    15    15    14
Job-5     8     6    20     2    12     7     2    12    14    18     4    15
Job-6     2     5    10    18    18    12    19     3     5    18    15     8
Job-7     7     7    10    13     9     5    10     7    18    15     5     5
Job-8    11    13    15    19    12    11     2    17     7     4    17     4
Job-9     9    16    11    16    17     7    11    11     1    11    19    15
    ;


