
    ProcesTime(j,m) := data table 
        M-01  M-02  M-03  M-04  M-05  M-06  M-07  M-08  M-09  M-10  M-11  M-12  M-13  M-14
     !  ----  ----  ----  ----  ----  ----  ----  ----  ----  ----  ----  ----  ----  ----
Job-01    19    19    11     9    19    20    17     8    10     5    16    14     6     5
Job-02     2     2     8    16     7     3    15    14     9     1    15    13    12     2
Job-03    13     9    11    10    12    14    19    16    13    13     9     5    12     2
Job-04     6     5    15    17    19    18    17    10     8    14     7    15    15     3
Job-05    15    15    13     4     8     4    14    13    15    11     6    13    16    13
Job-06    11    20    11    11     1     3     5    14    16    17     3    12    11     2
Job-07    15    16     6     3     7     7    19     5     5    19    12     2    20     9
Job-08    16     3    18     3    16    19     9    11    16    15    13    13    13     3
Job-09    12    17     8     5    17     4     5    19     5     4     8    10    16    12
Job-10    12    10     5    14    16    20    19     7    11    18    12    19     1    15
    ;


