
    ProcesTime(j,m) := data table 
        M-01  M-02  M-03  M-04  M-05  M-06  M-07  M-08  M-09  M-10  M-11  M-12  M-13
     !  ----  ----  ----  ----  ----  ----  ----  ----  ----  ----  ----  ----  ----
Job-01    13    15     5    12     9    19     3    13     6     4    13     8    11
Job-02    13     1     5    16    19    11     3     5     7    18     6     6     7
Job-03    12    20     5     7    20    14     7     2    11     8     8    17    18
Job-04    16     3     2    13     2     8    20    10    10    10    14    20     5
Job-05    16    10     7     1    10     7    17     7     8    14    15     4     2
Job-06     6    17    20     5    13     6     4     1    17     6     7     6     8
Job-07    16     9    15    15    12    20    20     4    20    13    13    11    20
Job-08     2    20    10    15     9    10    13     6    20     7     3     7     8
Job-09     9     3    12     6    11    17    20     8     7    15     8    12    12
Job-10     6     9    12    10     3    12    10    12    12     9     4    19     3
Job-11     9     7    13    14    15     9     7     8     1    19     5    12     5
    ;


