    SecurityValue(s,tt) := data table 
           0        1        2        3        4        5        6        7
  !  -------  -------  -------  -------  -------  -------  -------  -------
 RD  111.000  108.100  107.900  108.500  111.400  115.500  113.200  111.900
AKZ   82.525   81.575   80.075   83.100   85.025   92.550   91.575   88.250
KLM   70.000   73.700   72.300   69.700   69.500   74.800   73.800   70.200
PHI  154.600  152.400  146.100  157.500  168.400  166.900  164.100  169.000
 UN  110.750  108.000  103.675  106.625  107.275  109.500  108.700  111.100

  +        8        9       10       11       12       13       14       15
  !  -------  -------  -------  -------  -------  -------  -------  -------
 RD   99.700  105.100  100.900  105.000  105.200  107.000  109.000  111.400
AKZ   80.750   86.100   81.825   85.625   84.550   90.250   88.250   85.575
KLM   64.300   71.800   71.700   69.500   70.500   74.900   78.500   73.000
PHI  143.800  151.300  148.300  140.600  131.500  138.000  135.400  114.000
 UN  101.000  105.400  109.600  112.800  113.600  117.400  123.100  124.500

  +       16       17       18       19       20       21       22       23
  !  -------  -------  -------  -------  -------  -------  -------  -------
 RD  107.200  111.300  108.600  105.600  105.900  104.700  107.700  107.400
AKZ   81.625   87.400   87.450   86.625   90.000   91.375   95.250   92.850
KLM   74.500   75.000   77.000   72.400   71.400   68.900   69.700   68.600
PHI  116.100  121.600  127.600  116.200  128.600  129.400  137.100  134.500
 UN  118.700  125.000  127.700  121.200  125.100  119.900  117.900  124.600

  +       24       25       26       27       28       29       30       31
  !  -------  -------  -------  -------  -------  -------  -------  -------
 RD  108.000  104.700  112.800  109.700  111.700  120.400  118.000  119.700
AKZ   97.000  102.575  106.950  110.375  109.700  105.875  105.875  103.000
KLM   70.200   74.300   76.300   86.000   88.900   83.500   83.400   84.900
PHI  156.000  159.500  155.900  155.000  149.900  153.500  153.000  149.900
 UN  124.300  128.800  134.200  140.900  138.200  141.600  140.600  158.200

  +       32       33       34       35       36       37       38       39
  !  -------  -------  -------  -------  -------  -------  -------  -------
 RD  116.700  115.800  113.700  115.700  114.400  113.800  114.000  114.100
AKZ  102.375  107.150  104.450  105.750  104.750  103.750  106.975  107.375
KLM   84.900   86.100   78.900   79.500   79.100   79.900   82.000   77.200
PHI  153.700  167.000  181.000  189.400  197.900  201.700  196.300  188.000
 UN  149.600  152.800  144.300  155.500  154.200  154.500  158.000  163.800

  +       40       41       42       43       44       45       46       47
  !  -------  -------  -------  -------  -------  -------  -------  -------
 RD  111.500  109.200  110.100  112.800  111.000  105.600  107.300  103.200
AKZ  112.000  106.750  105.325  113.050  116.600  126.700  123.100  112.300
KLM   78.500   77.100   76.100   82.600   91.400   94.500   90.000   88.500
PHI  189.900  172.100  178.000  171.000  179.500  180.600  173.500  164.400
 UN  164.300  163.900  165.600  161.400  165.400  160.900  162.000  153.000

  +       48       49       50
  !  -------  -------  -------
 RD  102.800   93.900   93.600
AKZ  103.100   95.000   92.700
KLM   81.800   80.700   80.500
PHI  164.200  153.000  164.000
 UN  141.200  133.400  139.300
    ;
